# Force output:

[[  8.433797   -11.749176    -2.5253172 ]
 [-11.815909    12.779014    -6.598659  ]
 [  4.9211097   -4.5103245    5.5830293 ]
 [  0.8454698    0.6018508    3.0124187 ]
 [-11.838602    -2.010391    10.279825  ]
 [  4.8630495    5.3339977   -2.176925  ]
 [-14.377444    12.345819    -4.450388  ]
 [  4.667687    -3.245908     3.3123639 ]
 [ 13.258395    -9.11737    -11.288278  ]
 [  1.0424427   -0.42751393   4.85193   ]]


 # Position input:
[[11.86      17.17      14.709999 ]
 [12.82      15.950001  14.969999 ]
 [13.21      15.82      16.109999 ]
 [13.14      15.12      13.96     ]
 [13.940001  13.89      14.14     ]
 [13.        12.78      14.7300005]
 [14.59      13.389999  12.88     ]
 [14.040001  13.6       11.78     ]
 [15.73      12.799999  13.059999 ]
 [16.5       12.32      11.900001 ]]
